kinematics:
  shoulder:
    x: 0
    y: 0
    z: 0.18075383087768818
    roll: -0
    pitch: 0
    yaw: 1.8465908720177726e-07
  upper_arm:
    x: 4.8837347282155541e-05
    y: 0
    z: 0
    roll: 1.5713803919023464
    pitch: 0
    yaw: 1.0168512700976661e-06
  forearm:
    x: -0.61233774157839505
    y: 0
    z: 0
    roll: 3.140794282449578
    pitch: -3.1414016781642355
    yaw: 3.1415902219902345
  wrist_1:
    x: -0.5712644837738623
    y: -0.00047684182254282214
    z: 0.17400716814919787
    roll: 0.0027403504924320425
    pitch: 0.00077982574663170562
    yaw: 2.9489825077862526e-06
  wrist_2:
    x: 2.1882318399536237e-05
    y: -0.11978390308346461
    z: 0.00017382839405829517
    roll: 1.569345144561223
    pitch: 0
    yaw: -1.1261302130722605e-06
  wrist_3:
    x: -4.0776912019471687e-05
    y: 0.11553170294674131
    z: -6.6044195419857901e-05
    roll: 1.570224672551592
    pitch: 3.1415926535897931
    yaw: -3.1415923960974554
  hash: calib_14056950474361657246